[0.]	2
[122.44897959]	0
[244.89795918]	6
[367.34693878]	10
[489.79591837]	10
[612.24489796]	10
[734.69387755]	10
[857.14285714]	10
[979.59183673]	10
[1102.04081633]	10
[1224.48979592]	10
[1346.93877551]	10
[1469.3877551]	10
[1591.83673469]	10
[1714.28571429]	10
[1836.73469388]	10
[1959.18367347]	10
[2081.63265306]	10
[2204.08163265]	10
[2326.53061224]	10
[2448.97959184]	10
[2571.42857143]	10
[2693.87755102]	10
[2816.32653061]	10
[2938.7755102]	10
[3061.2244898]	10
[3183.67346939]	10
[3306.12244898]	10
[3428.57142857]	10
[3551.02040816]	10
[3673.46938776]	10
[3795.91836735]	10
[3918.36734694]	10
[4040.81632653]	10
[4163.26530612]	10
[4285.71428571]	10
[4408.16326531]	10
[4530.6122449]	10
[4653.06122449]	10
[4775.51020408]	10
[4897.95918367]	10
[5020.40816327]	10
[5142.85714286]	10
[5265.30612245]	10
[5387.75510204]	10
[5510.20408163]	10
[5632.65306122]	10
[5755.10204082]	10
[5877.55102041]	10
[6000.]	10
