[0.]	0
[122.44897959]	2
[244.89795918]	4
[367.34693878]	10
[489.79591837]	10
[612.24489796]	10
[734.69387755]	10
[857.14285714]	10
[979.59183673]	12
[1102.04081633]	12
[1224.48979592]	12
[1346.93877551]	12
[1469.3877551]	12
[1591.83673469]	12
[1714.28571429]	12
[1836.73469388]	12
[1959.18367347]	12
[2081.63265306]	12
[2204.08163265]	12
[2326.53061224]	12
[2448.97959184]	12
[2571.42857143]	12
[2693.87755102]	12
[2816.32653061]	12
[2938.7755102]	12
[3061.2244898]	12
[3183.67346939]	12
[3306.12244898]	12
[3428.57142857]	12
[3551.02040816]	12
[3673.46938776]	12
[3795.91836735]	12
[3918.36734694]	12
[4040.81632653]	12
[4163.26530612]	12
[4285.71428571]	12
[4408.16326531]	12
[4530.6122449]	12
[4653.06122449]	12
[4775.51020408]	12
[4897.95918367]	12
[5020.40816327]	12
[5142.85714286]	12
[5265.30612245]	12
[5387.75510204]	12
[5510.20408163]	12
[5632.65306122]	12
[5755.10204082]	12
[5877.55102041]	12
[6000.]	12
