[0.]	0
[122.44897959]	2
[244.89795918]	2
[367.34693878]	2
[489.79591837]	2
[612.24489796]	2
[734.69387755]	2
[857.14285714]	2
[979.59183673]	6
[1102.04081633]	6
[1224.48979592]	6
[1346.93877551]	9
[1469.3877551]	9
[1591.83673469]	9
[1714.28571429]	9
[1836.73469388]	9
[1959.18367347]	9
[2081.63265306]	9
[2204.08163265]	9
[2326.53061224]	9
[2448.97959184]	9
[2571.42857143]	9
[2693.87755102]	9
[2816.32653061]	9
[2938.7755102]	9
[3061.2244898]	9
[3183.67346939]	9
[3306.12244898]	9
[3428.57142857]	9
[3551.02040816]	9
[3673.46938776]	9
[3795.91836735]	9
[3918.36734694]	9
[4040.81632653]	9
[4163.26530612]	9
[4285.71428571]	9
[4408.16326531]	9
[4530.6122449]	9
[4653.06122449]	9
[4775.51020408]	9
[4897.95918367]	9
[5020.40816327]	9
[5142.85714286]	9
[5265.30612245]	9
[5387.75510204]	9
[5510.20408163]	9
[5632.65306122]	9
[5755.10204082]	9
[5877.55102041]	9
[6000.]	9
