[0.]	0
[122.44897959]	0
[244.89795918]	0
[367.34693878]	0
[489.79591837]	0
[612.24489796]	3
[734.69387755]	4
[857.14285714]	4
[979.59183673]	7
[1102.04081633]	7
[1224.48979592]	7
[1346.93877551]	7
[1469.3877551]	7
[1591.83673469]	7
[1714.28571429]	7
[1836.73469388]	7
[1959.18367347]	7
[2081.63265306]	7
[2204.08163265]	7
[2326.53061224]	7
[2448.97959184]	7
[2571.42857143]	7
[2693.87755102]	7
[2816.32653061]	7
[2938.7755102]	7
[3061.2244898]	7
[3183.67346939]	7
[3306.12244898]	7
[3428.57142857]	7
[3551.02040816]	7
[3673.46938776]	7
[3795.91836735]	7
[3918.36734694]	7
[4040.81632653]	7
[4163.26530612]	7
[4285.71428571]	7
[4408.16326531]	7
[4530.6122449]	7
[4653.06122449]	7
[4775.51020408]	7
[4897.95918367]	7
[5020.40816327]	7
[5142.85714286]	7
[5265.30612245]	7
[5387.75510204]	7
[5510.20408163]	7
[5632.65306122]	7
[5755.10204082]	7
[5877.55102041]	7
[6000.]	7
