[0.]	0
[122.44897959]	0
[244.89795918]	0
[367.34693878]	0
[489.79591837]	1
[612.24489796]	1
[734.69387755]	3
[857.14285714]	6
[979.59183673]	6
[1102.04081633]	6
[1224.48979592]	11
[1346.93877551]	11
[1469.3877551]	11
[1591.83673469]	11
[1714.28571429]	11
[1836.73469388]	11
[1959.18367347]	11
[2081.63265306]	11
[2204.08163265]	11
[2326.53061224]	11
[2448.97959184]	11
[2571.42857143]	11
[2693.87755102]	11
[2816.32653061]	11
[2938.7755102]	11
[3061.2244898]	11
[3183.67346939]	11
[3306.12244898]	11
[3428.57142857]	11
[3551.02040816]	11
[3673.46938776]	11
[3795.91836735]	11
[3918.36734694]	11
[4040.81632653]	11
[4163.26530612]	11
[4285.71428571]	11
[4408.16326531]	11
[4530.6122449]	11
[4653.06122449]	11
[4775.51020408]	11
[4897.95918367]	11
[5020.40816327]	11
[5142.85714286]	11
[5265.30612245]	11
[5387.75510204]	11
[5510.20408163]	11
[5632.65306122]	11
[5755.10204082]	11
[5877.55102041]	11
[6000.]	11
