[0.]	2
[122.44897959]	4
[244.89795918]	4
[367.34693878]	6
[489.79591837]	6
[612.24489796]	6
[734.69387755]	6
[857.14285714]	6
[979.59183673]	6
[1102.04081633]	6
[1224.48979592]	6
[1346.93877551]	6
[1469.3877551]	6
[1591.83673469]	6
[1714.28571429]	6
[1836.73469388]	6
[1959.18367347]	6
[2081.63265306]	6
[2204.08163265]	6
[2326.53061224]	6
[2448.97959184]	6
[2571.42857143]	6
[2693.87755102]	6
[2816.32653061]	6
[2938.7755102]	6
[3061.2244898]	6
[3183.67346939]	6
[3306.12244898]	6
[3428.57142857]	6
[3551.02040816]	6
[3673.46938776]	6
[3795.91836735]	6
[3918.36734694]	6
[4040.81632653]	6
[4163.26530612]	6
[4285.71428571]	6
[4408.16326531]	6
[4530.6122449]	6
[4653.06122449]	6
[4775.51020408]	6
[4897.95918367]	6
[5020.40816327]	6
[5142.85714286]	6
[5265.30612245]	6
[5387.75510204]	6
[5510.20408163]	6
[5632.65306122]	6
[5755.10204082]	6
[5877.55102041]	6
[6000.]	6
