[0.]	0
[122.44897959]	0
[244.89795918]	0
[367.34693878]	0
[489.79591837]	0
[612.24489796]	0
[734.69387755]	0
[857.14285714]	0
[979.59183673]	0
[1102.04081633]	3
[1224.48979592]	3
[1346.93877551]	3
[1469.3877551]	3
[1591.83673469]	3
[1714.28571429]	3
[1836.73469388]	3
[1959.18367347]	3
[2081.63265306]	3
[2204.08163265]	3
[2326.53061224]	3
[2448.97959184]	3
[2571.42857143]	3
[2693.87755102]	3
[2816.32653061]	3
[2938.7755102]	3
[3061.2244898]	3
[3183.67346939]	3
[3306.12244898]	3
[3428.57142857]	3
[3551.02040816]	3
[3673.46938776]	3
[3795.91836735]	3
[3918.36734694]	3
[4040.81632653]	3
[4163.26530612]	3
[4285.71428571]	3
[4408.16326531]	3
[4530.6122449]	3
[4653.06122449]	3
[4775.51020408]	3
[4897.95918367]	3
[5020.40816327]	3
[5142.85714286]	3
[5265.30612245]	3
[5387.75510204]	3
[5510.20408163]	3
[5632.65306122]	3
[5755.10204082]	3
[5877.55102041]	3
[6000.]	3
