[0.]	0
[122.44897959]	3
[244.89795918]	3
[367.34693878]	3
[489.79591837]	3
[612.24489796]	3
[734.69387755]	3
[857.14285714]	3
[979.59183673]	3
[1102.04081633]	3
[1224.48979592]	3
[1346.93877551]	3
[1469.3877551]	5
[1591.83673469]	5
[1714.28571429]	5
[1836.73469388]	5
[1959.18367347]	5
[2081.63265306]	5
[2204.08163265]	5
[2326.53061224]	5
[2448.97959184]	5
[2571.42857143]	5
[2693.87755102]	5
[2816.32653061]	5
[2938.7755102]	5
[3061.2244898]	5
[3183.67346939]	5
[3306.12244898]	5
[3428.57142857]	5
[3551.02040816]	5
[3673.46938776]	5
[3795.91836735]	5
[3918.36734694]	5
[4040.81632653]	5
[4163.26530612]	5
[4285.71428571]	5
[4408.16326531]	5
[4530.6122449]	5
[4653.06122449]	5
[4775.51020408]	5
[4897.95918367]	5
[5020.40816327]	5
[5142.85714286]	5
[5265.30612245]	5
[5387.75510204]	5
[5510.20408163]	5
[5632.65306122]	5
[5755.10204082]	5
[5877.55102041]	5
[6000.]	5
