//1
29,017046	20,735237
55,117588	41,24624
26,100542
783,01626
3,61138

//2
142,87234	30,264687
191,27556	60,445686
48,40322
1452,0966
0,763887

//3
55,768497	20,892754
76,72389	41,711754
20,955393
628,66179
5,16787

//4
41,206985	37,280952
80,2151		74,96495
39,008115
1170,24345
1,46969

//5
4,486687	31,99417
41,77008	63,500168
37,283393
1118,50179
1,65729

//6
35,758648	17,304146
69,16436	34,196144
33,405712
1002,17136
2,17118

//7
10,598414	15,729539
26,319565	31,15654
15,721151
471,63453
7,44123

//8
40,63412	53,507584
96,68269	106,26459
56,04857
1681,4571
0,448499

//9
42,96439	42,337135
72,49086	84,74513
29,52647
885,7941
2,84473

//10
0,11764705	66,41673
40,894432	93,86073
50
1500
0,683483